2
1 2
2 1

2
1 2
2 1

4
1 0 0 0
0 1 0 0
0 0 0 1
0 0 1 0 

10
9.5013 6.1543 0.5789 0.1527 8.3812 1.9343 4.9655 7.2711 7.9482 1.3652
2.3114 7.9194 3.5287 7.4679 0.1964 6.8222 8.9977 3.0929 9.5684 0.1176
6.0684 9.2181 8.1317 4.4510 6.8128 3.0276 8.2163 8.3850 5.2259 8.9390
4.8598 7.3821 0.0986 9.3181 3.7948 5.4167 6.4491 5.6807 8.8014 1.9914
8.9130 1.7627 1.3889 4.6599 8.3180 1.5087 8.1797 3.7041 1.7296 2.9872
7.6210 4.0571 2.0277 4.1865 5.0281 6.9790 6.6023 7.0274 9.7975 6.6144
4.5647 9.3547 1.9872 8.4622 7.0947 3.7837 3.4197 5.4657 2.7145 2.8441
0.1850 9.1690 6.0379 5.2515 4.2889 8.6001 2.8973 4.4488 2.5233 4.6922
8.2141 4.1027 2.7219 2.0265 3.0462 8.5366 3.4119 6.9457 8.7574 0.6478
4.4470 8.9365 1.9881 6.7214 1.8965 5.9356 5.3408 6.2131 7.3731 9.8833 

20
1 1 1 1 1 1 1 1 1 1 1 1 1 1 1 1 1 1 1 1
1 1 1 1 1 1 1 1 1 1 1 1 1 1 1 1 1 1 1 1
1 1 1 1 1 1 1 1 1 1 1 1 1 1 1 1 1 1 1 1
1 1 1 1 1 1 1 1 1 1 1 1 1 1 1 1 1 1 1 1
1 1 1 1 1 1 1 1 1 1 1 1 1 1 1 1 1 1 1 1
1 1 1 1 1 1 1 1 1 1 1 1 1 1 1 1 1 1 1 1
1 1 1 1 1 1 1 1 1 1 1 1 1 1 1 1 1 1 1 1
1 1 1 1 1 1 1 1 1 1 1 1 1 1 1 1 1 1 1 1
1 1 1 1 1 1 1 1 1 1 1 1 1 1 1 1 1 1 1 1
1 1 1 1 1 1 1 1 1 1 1 1 1 1 1 1 1 1 1 1
1 1 1 1 1 1 1 1 1 1 1 1 1 1 1 1 1 1 1 1
1 1 1 1 1 1 1 1 1 1 1 1 1 1 1 1 1 1 1 1
1 1 1 1 1 1 1 1 1 1 1 1 1 1 1 1 1 1 1 1
1 1 1 1 1 1 1 1 1 1 1 1 1 1 1 1 1 1 1 1
1 1 1 1 1 1 1 1 1 1 1 1 1 1 1 1 1 1 1 1
1 1 1 1 1 1 1 1 1 1 1 1 1 1 1 1 1 1 1 1
1 1 1 1 1 1 1 1 1 1 1 1 1 1 1 1 1 1 1 1
1 1 1 1 1 1 1 1 1 1 1 1 1 1 1 1 1 1 1 1
1 1 1 1 1 1 1 1 1 1 1 1 1 1 1 1 1 1 1 1
1 1 1 1 1 1 1 1 1 1 1 1 1 1 1 1 1 1 1 1

1
5

0
